-2 0
-1.97798 -0.095559
-1.95596 -0.186685
-1.93393 -0.273452
-1.91191 -0.355937
-1.88989 -0.434213
-1.86787 -0.508353
-1.84585 -0.578431
-1.82382 -0.644518
-1.8018 -0.706686
-1.77978 -0.765006
-1.75776 -0.819547
-1.73574 -0.87038
-1.71371 -0.917573
-1.69169 -0.961193
-1.66967 -1.00131
-1.64765 -1.03799
-1.62563 -1.07129
-1.6036 -1.1013
-1.58158 -1.12806
-1.55956 -1.15164
-1.53754 -1.17211
-1.51552 -1.18953
-1.49349 -1.20396
-1.47147 -1.21546
-1.44945 -1.2241
-1.42743 -1.22993
-1.40541 -1.23302
-1.38338 -1.23343
-1.36136 -1.2312
-1.33934 -1.22641
-1.31732 -1.2191
-1.2953 -1.20934
-1.27327 -1.19718
-1.25125 -1.18268
-1.22923 -1.16589
-1.20721 -1.14687
-1.18519 -1.12567
-1.16316 -1.10234
-1.14114 -1.07694
-1.11912 -1.04951
-1.0971 -1.02012
-1.07508 -0.988805
-1.05305 -0.955623
-1.03103 -0.920623
-1.00901 -0.883854
-0.986987 -0.845364
-0.964965 -0.805203
-0.942943 -0.763416
-0.920921 -0.720052
-0.898899 -0.675158
-0.876877 -0.628778
-0.854855 -0.58096
-0.832833 -0.531747
-0.810811 -0.481184
-0.788789 -0.429316
-0.766767 -0.376185
-0.744745 -0.321835
-0.722723 -0.266307
-0.700701 -0.209645
-0.678679 -0.151888
-0.656657 -0.0930782
-0.634635 -0.0332558
-0.612613 0.0275394
-0.590591 0.0892682
-0.568569 0.151892
-0.546547 0.215372
-0.524525 0.27967
-0.502503 0.344749
-0.48048 0.410572
-0.458458 0.477104
-0.436436 0.544307
-0.414414 0.612146
-0.392392 0.680587
-0.37037 0.749594
-0.348348 0.819134
-0.326326 0.889174
-0.304304 0.959679
-0.282282 1.03062
-0.26026 1.10196
-0.238238 1.17367
-0.216216 1.24571
-0.194194 1.31807
-0.172172 1.3907
-0.15015 1.46357
-0.128128 1.53667
-0.106106 1.60995
-0.0840841 1.68339
-0.0620621 1.75696
-0.04004 1.83064
-0.018018 1.90439
0.004004 1.97819
0.026026 2.05201
0.048048 2.12583
0.0700701 2.19962
0.0920921 2.27335
0.114114 2.347
0.136136 2.42055
0.158158 2.49397
0.18018 2.56723
0.202202 2.64032
0.224224 2.71321
0.246246 2.78588
0.268268 2.8583
0.29029 2.93046
0.312312 3.00233
0.334334 3.0739
0.356356 3.14513
0.378378 3.21602
0.4004 3.28653
0.422422 3.35666
0.444444 3.42638
0.466466 3.49567
0.488488 3.56452
0.510511 3.63291
0.532533 3.70081
0.554555 3.76821
0.576577 3.8351
0.598599 3.90146
0.620621 3.96727
0.642643 4.03251
0.664665 4.09717
0.686687 4.16124
0.708709 4.2247
0.730731 4.28753
0.752753 4.34972
0.774775 4.41125
0.796797 4.47212
0.818819 4.53231
0.840841 4.5918
0.862863 4.65058
0.884885 4.70865
0.906907 4.76598
0.928929 4.82257
0.950951 4.87841
0.972973 4.93348
0.994995 4.98777
1.01702 5.04127
1.03904 5.09398
1.06106 5.14588
1.08308 5.19696
1.10511 5.24721
1.12713 5.29662
1.14915 5.34519
1.17117 5.3929
1.19319 5.43976
1.21522 5.48574
1.23724 5.53084
1.25926 5.57505
1.28128 5.61838
1.3033 5.6608
1.32533 5.70232
1.34735 5.74292
1.36937 5.7826
1.39139 5.82136
1.41341 5.85918
1.43544 5.89607
1.45746 5.93201
1.47948 5.96701
1.5015 6.00106
1.52352 6.03415
1.54555 6.06628
1.56757 6.09745
1.58959 6.12765
1.61161 6.15687
1.63363 6.18512
1.65566 6.2124
1.67768 6.23869
1.6997 6.264
1.72172 6.28832
1.74374 6.31166
1.76577 6.33401
1.78779 6.35536
1.80981 6.37572
1.83183 6.39509
1.85385 6.41346
1.87588 6.43083
1.8979 6.44721
1.91992 6.46259
1.94194 6.47698
1.96396 6.49036
1.98599 6.50275
2.00801 6.51414
2.03003 6.52453
2.05205 6.53393
2.07407 6.54233
2.0961 6.54974
2.11812 6.55615
2.14014 6.56157
2.16216 6.56601
2.18418 6.56945
2.20621 6.57191
2.22823 6.57339
2.25025 6.57388
2.27227 6.57339
2.29429 6.57193
2.31632 6.5695
2.33834 6.56609
2.36036 6.56171
2.38238 6.55638
2.4044 6.55008
2.42643 6.54282
2.44845 6.53461
2.47047 6.52545
2.49249 6.51535
2.51451 6.5043
2.53654 6.49232
2.55856 6.47941
2.58058 6.46557
2.6026 6.4508
2.62462 6.43512
2.64665 6.41852
2.66867 6.40102
2.69069 6.38261
2.71271 6.36331
2.73473 6.34312
2.75676 6.32204
2.77878 6.30008
2.8008 6.27725
2.82282 6.25355
2.84484 6.22899
2.86687 6.20357
2.88889 6.17731
2.91091 6.1502
2.93293 6.12226
2.95495 6.09349
2.97698 6.0639
2.999 6.03349
3.02102 6.00227
3.04304 5.97026
3.06507 5.93745
3.08709 5.90386
3.10911 5.86948
3.13113 5.83434
3.15315 5.79843
3.17518 5.76177
3.1972 5.72436
3.21922 5.68621
3.24124 5.64733
3.26326 5.60773
3.28529 5.56741
3.30731 5.52639
3.32933 5.48467
3.35135 5.44225
3.37337 5.39916
3.3954 5.35539
3.41742 5.31096
3.43944 5.26587
3.46146 5.22014
3.48348 5.17377
3.50551 5.12677
3.52753 5.07915
3.54955 5.03092
3.57157 4.98209
3.59359 4.93267
3.61562 4.88267
3.63764 4.83209
3.65966 4.78094
3.68168 4.72925
3.7037 4.677
3.72573 4.62422
3.74775 4.57092
3.76977 4.5171
3.79179 4.46277
3.81381 4.40795
3.83584 4.35264
3.85786 4.29685
3.87988 4.24059
3.9019 4.18388
3.92392 4.12671
3.94595 4.06911
3.96797 4.01109
3.98999 3.95264
4.01201 3.89379
4.03403 3.83454
4.05606 3.7749
4.07808 3.71489
4.1001 3.65451
4.12212 3.59377
4.14414 3.53269
4.16617 3.47127
4.18819 3.40952
4.21021 3.34746
4.23223 3.2851
4.25425 3.22244
4.27628 3.15949
4.2983 3.09627
4.32032 3.03279
4.34234 2.96905
4.36436 2.90508
4.38639 2.84086
4.40841 2.77643
4.43043 2.71179
4.45245 2.64694
4.47447 2.5819
4.4965 2.51669
4.51852 2.4513
4.54054 2.38575
4.56256 2.32006
4.58458 2.25423
4.60661 2.18826
4.62863 2.12219
4.65065 2.056
4.67267 1.98972
4.69469 1.92335
4.71672 1.8569
4.73874 1.79039
4.76076 1.72383
4.78278 1.65722
4.8048 1.59058
4.82683 1.52391
4.84885 1.45723
4.87087 1.39054
4.89289 1.32386
4.91491 1.2572
4.93694 1.19057
4.95896 1.12397
4.98098 1.05743
5.003 0.990937
5.02503 0.924516
5.04705 0.858173
5.06907 0.791918
5.09109 0.725762
5.11311 0.659715
5.13514 0.593786
5.15716 0.527986
5.17918 0.462324
5.2012 0.39681
5.22322 0.331455
5.24525 0.266268
5.26727 0.201259
5.28929 0.136438
5.31131 0.0718139
5.33333 0.00739706
5.35536 -0.0568031
5.37738 -0.120777
5.3994 -0.184515
5.42142 -0.248007
5.44344 -0.311245
5.46547 -0.374218
5.48749 -0.436918
5.50951 -0.499334
5.53153 -0.561459
5.55355 -0.623281
5.57558 -0.684793
5.5976 -0.745986
5.61962 -0.806849
5.64164 -0.867374
5.66366 -0.927553
5.68569 -0.987375
5.70771 -1.04683
5.72973 -1.10592
5.75175 -1.16462
5.77377 -1.22293
5.7958 -1.28084
5.81782 -1.33835
5.83984 -1.39543
5.86186 -1.45209
5.88388 -1.50832
5.90591 -1.56411
5.92793 -1.61945
5.94995 -1.67432
5.97197 -1.72874
5.99399 -1.78267
6.01602 -1.83613
6.03804 -1.88909
6.06006 -1.94156
6.08208 -1.99352
6.1041 -2.04497
6.12613 -2.09589
6.14815 -2.14629
6.17017 -2.19615
6.19219 -2.24546
6.21421 -2.29423
6.23624 -2.34243
6.25826 -2.39007
6.28028 -2.43714
6.3023 -2.48362
6.32432 -2.52952
6.34635 -2.57483
6.36837 -2.61954
6.39039 -2.66363
6.41241 -2.70712
6.43443 -2.74998
6.45646 -2.79221
6.47848 -2.83382
6.5005 -2.87478
6.52252 -2.91509
6.54454 -2.95476
6.56657 -2.99376
6.58859 -3.0321
6.61061 -3.06977
6.63263 -3.10676
6.65465 -3.14307
6.67668 -3.17869
6.6987 -3.21362
6.72072 -3.24785
6.74274 -3.28137
6.76476 -3.31419
6.78679 -3.34629
6.80881 -3.37767
6.83083 -3.40832
6.85285 -3.43825
6.87487 -3.46744
6.8969 -3.49589
6.91892 -3.52359
6.94094 -3.55055
6.96296 -3.57675
6.98498 -3.60219
7.00701 -3.62687
7.02903 -3.65079
7.05105 -3.67393
7.07307 -3.6963
7.0951 -3.71789
7.11712 -3.73869
7.13914 -3.75871
7.16116 -3.77794
7.18318 -3.79638
7.20521 -3.81401
7.22723 -3.83085
7.24925 -3.84688
7.27127 -3.86211
7.29329 -3.87652
7.31532 -3.89012
7.33734 -3.90291
7.35936 -3.91487
7.38138 -3.92602
7.4034 -3.93634
7.42543 -3.94583
7.44745 -3.95449
7.46947 -3.96233
7.49149 -3.96932
7.51351 -3.97548
7.53554 -3.98081
7.55756 -3.98529
7.57958 -3.98893
7.6016 -3.99173
7.62362 -3.99368
7.64565 -3.99479
7.66767 -3.99505
7.68969 -3.99446
7.71171 -3.99302
7.73373 -3.99072
7.75576 -3.98758
7.77778 -3.98358
7.7998 -3.97872
7.82182 -3.97301
7.84384 -3.96645
7.86587 -3.95903
7.88789 -3.95075
7.90991 -3.94161
7.93193 -3.93162
7.95395 -3.92077
7.97598 -3.90907
7.998 -3.8965
8.02002 -3.88309
8.04204 -3.86881
8.06406 -3.85368
8.08609 -3.83769
8.10811 -3.82085
8.13013 -3.80315
8.15215 -3.7846
8.17417 -3.7652
8.1962 -3.74495
8.21822 -3.72384
8.24024 -3.70189
8.26226 -3.67909
8.28428 -3.65544
8.30631 -3.63095
8.32833 -3.60562
8.35035 -3.57945
8.37237 -3.55243
8.39439 -3.52458
8.41642 -3.4959
8.43844 -3.46638
8.46046 -3.43603
8.48248 -3.40486
8.5045 -3.37285
8.52653 -3.34003
8.54855 -3.30638
8.57057 -3.27192
8.59259 -3.23664
8.61461 -3.20055
8.63664 -3.16365
8.65866 -3.12595
8.68068 -3.08745
8.7027 -3.04814
8.72472 -3.00804
8.74675 -2.96715
8.76877 -2.92547
8.79079 -2.88301
8.81281 -2.83977
8.83483 -2.79575
8.85686 -2.75096
8.87888 -2.7054
8.9009 -2.65908
8.92292 -2.612
8.94494 -2.56416
8.96697 -2.51558
8.98899 -2.46625
9.01101 -2.41617
9.03303 -2.36537
9.05506 -2.31383
9.07708 -2.26157
9.0991 -2.20859
9.12112 -2.15489
9.14314 -2.10048
9.16517 -2.04537
9.18719 -1.98956
9.20921 -1.93306
9.23123 -1.87587
9.25325 -1.818
9.27528 -1.75946
9.2973 -1.70024
9.31932 -1.64037
9.34134 -1.57983
9.36336 -1.51865
9.38539 -1.45682
9.40741 -1.39435
9.42943 -1.33125
9.45145 -1.26753
9.47347 -1.20319
9.4955 -1.13824
9.51752 -1.07269
9.53954 -1.00654
9.56156 -0.939803
9.58358 -0.872481
9.60561 -0.804585
9.62763 -0.736122
9.64965 -0.667098
9.67167 -0.597522
9.69369 -0.527401
9.71572 -0.456743
9.73774 -0.385556
9.75976 -0.313847
9.78178 -0.241625
9.8038 -0.168898
9.82583 -0.0956741
9.84785 -0.0219612
9.86987 0.0522323
9.89189 0.126898
9.91391 0.202027
9.93594 0.277611
9.95796 0.353642
9.97998 0.430111
10.002 0.507008
10.024 0.584326
10.046 0.662054
10.0681 0.740185
10.0901 0.818709
10.1121 0.897616
10.1341 0.976898
10.1562 1.05655
10.1782 1.13655
10.2002 1.2169
10.2222 1.29759
10.2442 1.3786
10.2663 1.45993
10.2883 1.54157
10.3103 1.62351
10.3323 1.70573
10.3544 1.78824
10.3764 1.87101
10.3984 1.95404
10.4204 2.03732
10.4424 2.12083
10.4645 2.20458
10.4865 2.28854
10.5085 2.37271
10.5305 2.45707
10.5526 2.54162
10.5746 2.62635
10.5966 2.71124
10.6186 2.79629
10.6406 2.88147
10.6627 2.96679
10.6847 3.05224
10.7067 3.13779
10.7287 3.22344
10.7508 3.30919
10.7728 3.39501
10.7948 3.48089
10.8168 3.56684
10.8388 3.65282
10.8609 3.73884
10.8829 3.82489
10.9049 3.91094
10.9269 3.99699
10.9489 4.08303
10.971 4.16905
10.993 4.25503
11.015 4.34096
11.037 4.42684
11.0591 4.51265
11.0811 4.59837
11.1031 4.684
11.1251 4.76953
11.1471 4.85494
11.1692 4.94022
11.1912 5.02536
11.2132 5.11035
11.2352 5.19517
11.2573 5.27982
11.2793 5.36428
11.3013 5.44854
11.3233 5.53259
11.3453 5.61642
11.3674 5.7
11.3894 5.78335
11.4114 5.86643
11.4334 5.94923
11.4555 6.03176
11.4775 6.11398
11.4995 6.1959
11.5215 6.2775
11.5435 6.35876
11.5656 6.43968
11.5876 6.52024
11.6096 6.60043
11.6316 6.68024
11.6537 6.75966
11.6757 6.83866
11.6977 6.91725
11.7197 6.99541
11.7417 7.07313
11.7638 7.15039
11.7858 7.22718
11.8078 7.30349
11.8298 7.37931
11.8519 7.45462
11.8739 7.52942
11.8959 7.60368
11.9179 7.67741
11.9399 7.75058
11.962 7.82318
11.984 7.89521
12.006 7.96665
12.028 8.03748
12.0501 8.1077
12.0721 8.17729
12.0941 8.24624
12.1161 8.31454
12.1381 8.38218
12.1602 8.44914
12.1822 8.51541
12.2042 8.58098
12.2262 8.64584
12.2482 8.70998
12.2703 8.77338
12.2923 8.83604
12.3143 8.89793
12.3363 8.95905
12.3584 9.01939
12.3804 9.07893
12.4024 9.13766
12.4244 9.19558
12.4464 9.25267
12.4685 9.30891
12.4905 9.3643
12.5125 9.41882
12.5345 9.47247
12.5566 9.52522
12.5786 9.57708
12.6006 9.62803
12.6226 9.67805
12.6446 9.72714
12.6667 9.77528
12.6887 9.82247
12.7107 9.86869
12.7327 9.91393
12.7548 9.95818
12.7768 10.0014
12.7988 10.0437
12.8208 10.0849
12.8428 10.1251
12.8649 10.1642
12.8869 10.2023
12.9089 10.2393
12.9309 10.2753
12.953 10.3101
12.975 10.3439
12.997 10.3765
13.019 10.4081
13.041 10.4385
13.0631 10.4678
13.0851 10.4959
13.1071 10.5229
13.1291 10.5487
13.1512 10.5733
13.1732 10.5967
13.1952 10.619
13.2172 10.64
13.2392 10.6599
13.2613 10.6785
13.2833 10.6959
13.3053 10.712
13.3273 10.7269
13.3493 10.7405
13.3714 10.7529
13.3934 10.764
13.4154 10.7738
13.4374 10.7823
13.4595 10.7895
13.4815 10.7954
13.5035 10.8
13.5255 10.8033
13.5475 10.8052
13.5696 10.8058
13.5916 10.8051
13.6136 10.8029
13.6356 10.7995
13.6577 10.7946
13.6797 10.7884
13.7017 10.7808
13.7237 10.7718
13.7457 10.7615
13.7678 10.7497
13.7898 10.7365
13.8118 10.7219
13.8338 10.7059
13.8559 10.6884
13.8779 10.6695
13.8999 10.6492
13.9219 10.6275
13.9439 10.6043
13.966 10.5796
13.988 10.5535
14.01 10.5259
14.032 10.4968
14.0541 10.4663
14.0761 10.4343
14.0981 10.4009
14.1201 10.3659
14.1421 10.3294
14.1642 10.2915
14.1862 10.2521
14.2082 10.2112
14.2302 10.1687
14.2523 10.1248
14.2743 10.0794
14.2963 10.0324
14.3183 9.98397
14.3403 9.934
14.3624 9.88253
14.3844 9.82953
14.4064 9.77502
14.4284 9.71899
14.4505 9.66144
14.4725 9.60237
14.4945 9.54178
14.5165 9.47967
14.5385 9.41604
14.5606 9.35089
14.5826 9.28422
14.6046 9.21602
14.6266 9.14631
14.6486 9.07507
14.6707 9.00232
14.6927 8.92806
14.7147 8.85227
14.7367 8.77498
14.7588 8.69617
14.7808 8.61586
14.8028 8.53404
14.8248 8.45072
14.8468 8.36589
14.8689 8.27957
14.8909 8.19176
14.9129 8.10245
14.9349 8.01166
14.957 7.91939
14.979 7.82565
15.001 7.73043
15.023 7.63374
15.045 7.53559
15.0671 7.43599
15.0891 7.33494
15.1111 7.23244
15.1331 7.1285
15.1552 7.02314
15.1772 6.91635
15.1992 6.80814
15.2212 6.69853
15.2432 6.58751
15.2653 6.4751
15.2873 6.36131
15.3093 6.24614
15.3313 6.1296
15.3534 6.01171
15.3754 5.89246
15.3974 5.77188
15.4194 5.64998
15.4414 5.52675
15.4635 5.40222
15.4855 5.27639
15.5075 5.14928
15.5295 5.0209
15.5516 4.89125
15.5736 4.76036
15.5956 4.62824
15.6176 4.49489
15.6396 4.36034
15.6617 4.22459
15.6837 4.08766
15.7057 3.94956
15.7277 3.81031
15.7497 3.66993
15.7718 3.52843
15.7938 3.38582
15.8158 3.24212
15.8378 3.09735
15.8599 2.95153
15.8819 2.80467
15.9039 2.65679
15.9259 2.5079
15.9479 2.35804
15.97 2.2072
15.992 2.05542
16.014 1.90272
16.036 1.7491
16.0581 1.59461
16.0801 1.43924
16.1021 1.28303
16.1241 1.126
16.1461 0.968162
16.1682 0.809548
16.1902 0.650176
16.2122 0.490071
16.2342 0.329255
16.2563 0.167752
16.2783 0.00558707
16.3003 -0.157216
16.3223 -0.320632
16.3443 -0.484635
16.3664 -0.6492
16.3884 -0.814301
16.4104 -0.979909
16.4324 -1.146
16.4545 -1.31254
16.4765 -1.47951
16.4985 -1.64688
16.5205 -1.81461
16.5425 -1.98269
16.5646 -2.15107
16.5866 -2.31973
16.6086 -2.48864
16.6306 -2.65777
16.6527 -2.82709
16.6747 -2.99655
16.6967 -3.16614
16.7187 -3.33582
16.7407 -3.50555
16.7628 -3.6753
16.7848 -3.84503
16.8068 -4.01472
16.8288 -4.18432
16.8509 -4.35381
16.8729 -4.52313
16.8949 -4.69227
16.9169 -4.86117
16.9389 -5.0298
16.961 -5.19813
16.983 -5.36611
17.005 -5.53371
17.027 -5.70088
17.049 -5.86759
17.0711 -6.03379
17.0931 -6.19944
17.1151 -6.3645
17.1371 -6.52893
17.1592 -6.69269
17.1812 -6.85573
17.2032 -7.018
17.2252 -7.17947
17.2472 -7.34009
17.2693 -7.49981
17.2913 -7.65858
17.3133 -7.81637
17.3353 -7.97311
17.3574 -8.12877
17.3794 -8.2833
17.4014 -8.43664
17.4234 -8.58875
17.4454 -8.73957
17.4675 -8.88907
17.4895 -9.03717
17.5115 -9.18384
17.5335 -9.32903
17.5556 -9.47266
17.5776 -9.61471
17.5996 -9.7551
17.6216 -9.89379
17.6436 -10.0307
17.6657 -10.1658
17.6877 -10.2991
17.7097 -10.4304
17.7317 -10.5597
17.7538 -10.687
17.7758 -10.8121
17.7978 -10.9351
17.8198 -11.0559
17.8418 -11.1744
17.8639 -11.2906
17.8859 -11.4043
17.9079 -11.5156
17.9299 -11.6243
17.952 -11.7304
17.974 -11.8339
17.996 -11.9346
18.018 -12.0325
18.04 -12.1276
18.0621 -12.2198
18.0841 -12.3089
18.1061 -12.395
18.1281 -12.4779
18.1502 -12.5577
18.1722 -12.6341
18.1942 -12.7072
18.2162 -12.7769
18.2382 -12.8431
18.2603 -12.9057
18.2823 -12.9647
18.3043 -13.02
18.3263 -13.0715
18.3483 -13.1191
18.3704 -13.1627
18.3924 -13.2024
18.4144 -13.2379
18.4364 -13.2693
18.4585 -13.2964
18.4805 -13.3191
18.5025 -13.3375
18.5245 -13.3513
18.5465 -13.3606
18.5686 -13.3651
18.5906 -13.365
18.6126 -13.36
18.6346 -13.35
18.6567 -13.3351
18.6787 -13.315
18.7007 -13.2898
18.7227 -13.2593
18.7447 -13.2234
18.7668 -13.1821
18.7888 -13.1352
18.8108 -13.0827
18.8328 -13.0244
18.8549 -12.9603
18.8769 -12.8903
18.8989 -12.8143
18.9209 -12.7322
18.9429 -12.6439
18.965 -12.5493
18.987 -12.4482
19.009 -12.3407
19.031 -12.2266
19.0531 -12.1057
19.0751 -11.9781
19.0971 -11.8435
19.1191 -11.702
19.1411 -11.5533
19.1632 -11.3974
19.1852 -11.2342
19.2072 -11.0636
19.2292 -10.8854
19.2513 -10.6996
19.2733 -10.506
19.2953 -10.3045
19.3173 -10.0951
19.3393 -9.8776
19.3614 -9.65189
19.3834 -9.41786
19.4054 -9.1754
19.4274 -8.92439
19.4494 -8.66473
19.4715 -8.39629
19.4935 -8.11896
19.5155 -7.8326
19.5375 -7.53712
19.5596 -7.23238
19.5816 -6.91827
19.6036 -6.59465
19.6256 -6.26141
19.6476 -5.91843
19.6697 -5.56557
19.6917 -5.20272
19.7137 -4.82974
19.7357 -4.44651
19.7578 -4.05289
19.7798 -3.64876
19.8018 -3.23399
19.8238 -2.80845
19.8458 -2.37199
19.8679 -1.92449
19.8899 -1.46582
19.9119 -0.995829
19.9339 -0.514392
19.956 -0.0213673
19.978 0.483383
20 1
