-2 0
-1.97798 -0.0528529
-1.95596 -0.105706
-1.93393 -0.158559
-1.91191 -0.211411
-1.88989 -0.264264
-1.86787 -0.317117
-1.84585 -0.36997
-1.82382 -0.422823
-1.8018 -0.475676
-1.77978 -0.528529
-1.75776 -0.581381
-1.73574 -0.634234
-1.71371 -0.687087
-1.69169 -0.73994
-1.66967 -0.792793
-1.64765 -0.845646
-1.62563 -0.898498
-1.6036 -0.951351
-1.58158 -1.0042
-1.55956 -1.05706
-1.53754 -1.10991
-1.51552 -1.16276
-1.49349 -1.18386
-1.47147 -1.12925
-1.44945 -1.07463
-1.42743 -1.02002
-1.40541 -0.965405
-1.38338 -0.910791
-1.36136 -0.856176
-1.33934 -0.801562
-1.31732 -0.746947
-1.2953 -0.692332
-1.27327 -0.637718
-1.25125 -0.583103
-1.22923 -0.528488
-1.20721 -0.473874
-1.18519 -0.419259
-1.16316 -0.364645
-1.14114 -0.31003
-1.11912 -0.255415
-1.0971 -0.200801
-1.07508 -0.146186
-1.05305 -0.0915716
-1.03103 -0.036957
-1.00901 0.0176577
-0.986987 0.0722723
-0.964965 0.126887
-0.942943 0.181502
-0.920921 0.236116
-0.898899 0.290731
-0.876877 0.345345
-0.854855 0.39996
-0.832833 0.454575
-0.810811 0.509189
-0.788789 0.563804
-0.766767 0.618418
-0.744745 0.673033
-0.722723 0.727648
-0.700701 0.782262
-0.678679 0.836877
-0.656657 0.891491
-0.634635 0.946106
-0.612613 1.00072
-0.590591 1.05534
-0.568569 1.10995
-0.546547 1.16456
-0.524525 1.21918
-0.502503 1.27379
-0.48048 1.32841
-0.458458 1.38302
-0.436436 1.43764
-0.414414 1.49225
-0.392392 1.54687
-0.37037 1.60148
-0.348348 1.6561
-0.326326 1.71071
-0.304304 1.76533
-0.282282 1.81994
-0.26026 1.87455
-0.238238 1.92917
-0.216216 1.98378
-0.194194 2.0384
-0.172172 2.09301
-0.15015 2.14763
-0.128128 2.20224
-0.106106 2.25686
-0.0840841 2.31147
-0.0620621 2.36609
-0.04004 2.4207
-0.018018 2.47532
0.004004 2.52993
0.026026 2.58454
0.048048 2.63916
0.0700701 2.69377
0.0920921 2.74839
0.114114 2.803
0.136136 2.85762
0.158158 2.91223
0.18018 2.96685
0.202202 3.02146
0.224224 3.07608
0.246246 3.13069
0.268268 3.18531
0.29029 3.23992
0.312312 3.29453
0.334334 3.34915
0.356356 3.40376
0.378378 3.45838
0.4004 3.51299
0.422422 3.56761
0.444444 3.62222
0.466466 3.67684
0.488488 3.73145
0.510511 3.78607
0.532533 3.84068
0.554555 3.8953
0.576577 3.94991
0.598599 4.00452
0.620621 4.05914
0.642643 4.11375
0.664665 4.16837
0.686687 4.22298
0.708709 4.2776
0.730731 4.33221
0.752753 4.38683
0.774775 4.44144
0.796797 4.49606
0.818819 4.55067
0.840841 4.60529
0.862863 4.6599
0.884885 4.71451
0.906907 4.76913
0.928929 4.82374
0.950951 4.87836
0.972973 4.93297
0.994995 4.98759
1.01702 4.98298
1.03904 4.96096
1.06106 4.93894
1.08308 4.91692
1.10511 4.89489
1.12713 4.87287
1.14915 4.85085
1.17117 4.82883
1.19319 4.80681
1.21522 4.78478
1.23724 4.76276
1.25926 4.74074
1.28128 4.71872
1.3033 4.6967
1.32533 4.67467
1.34735 4.65265
1.36937 4.63063
1.39139 4.60861
1.41341 4.58659
1.43544 4.56456
1.45746 4.54254
1.47948 4.52052
1.5015 4.4985
1.52352 4.47648
1.54555 4.45445
1.56757 4.43243
1.58959 4.41041
1.61161 4.38839
1.63363 4.36637
1.65566 4.34434
1.67768 4.32232
1.6997 4.3003
1.72172 4.27828
1.74374 4.25626
1.76577 4.23423
1.78779 4.21221
1.80981 4.19019
1.83183 4.16817
1.85385 4.14615
1.87588 4.12412
1.8979 4.1021
1.91992 4.08008
1.94194 4.05806
1.96396 4.03604
1.98599 4.01401
2.00801 3.99199
2.03003 3.96997
2.05205 3.94795
2.07407 3.92593
2.0961 3.9039
2.11812 3.88188
2.14014 3.85986
2.16216 3.83784
2.18418 3.81582
2.20621 3.79379
2.22823 3.77177
2.25025 3.74975
2.27227 3.72773
2.29429 3.70571
2.31632 3.68368
2.33834 3.66166
2.36036 3.63964
2.38238 3.61762
2.4044 3.5956
2.42643 3.57357
2.44845 3.55155
2.47047 3.52953
2.49249 3.50751
2.51451 3.48549
2.53654 3.46346
2.55856 3.44144
2.58058 3.41942
2.6026 3.3974
2.62462 3.37538
2.64665 3.35335
2.66867 3.33133
2.69069 3.30931
2.71271 3.28729
2.73473 3.26527
2.75676 3.24324
2.77878 3.22122
2.8008 3.1992
2.82282 3.17718
2.84484 3.15516
2.86687 3.13313
2.88889 3.11111
2.91091 3.08909
2.93293 3.06707
2.95495 3.04505
2.97698 3.02302
2.999 3.001
3.02102 2.97898
3.04304 2.95696
3.06507 2.93493
3.08709 2.91291
3.10911 2.89089
3.13113 2.86887
3.15315 2.84685
3.17518 2.82482
3.1972 2.8028
3.21922 2.78078
3.24124 2.75876
3.26326 2.73674
3.28529 2.71471
3.30731 2.69269
3.32933 2.67067
3.35135 2.64865
3.37337 2.62663
3.3954 2.6046
3.41742 2.58258
3.43944 2.56056
3.46146 2.53854
3.48348 2.51652
3.50551 2.49449
3.52753 2.47247
3.54955 2.45045
3.57157 2.42843
3.59359 2.40641
3.61562 2.38438
3.63764 2.36236
3.65966 2.34034
3.68168 2.31832
3.7037 2.2963
3.72573 2.27427
3.74775 2.25225
3.76977 2.23023
3.79179 2.20821
3.81381 2.18619
3.83584 2.16416
3.85786 2.14214
3.87988 2.12012
3.9019 2.0981
3.92392 2.07608
3.94595 2.05405
3.96797 2.03203
3.98999 2.01001
4.01201 1.98799
4.03403 1.96597
4.05606 1.94394
4.07808 1.92192
4.1001 1.8999
4.12212 1.87788
4.14414 1.85586
4.16617 1.83383
4.18819 1.81181
4.21021 1.78979
4.23223 1.76777
4.25425 1.74575
4.27628 1.72372
4.2983 1.7017
4.32032 1.67968
4.34234 1.65766
4.36436 1.63564
4.38639 1.61361
4.40841 1.59159
4.43043 1.56957
4.45245 1.54755
4.47447 1.52553
4.4965 1.5035
4.51852 1.48148
4.54054 1.45946
4.56256 1.43744
4.58458 1.41542
4.60661 1.39339
4.62863 1.37137
4.65065 1.34935
4.67267 1.32733
4.69469 1.30531
4.71672 1.28328
4.73874 1.26126
4.76076 1.23924
4.78278 1.21722
4.8048 1.1952
4.82683 1.17317
4.84885 1.15115
4.87087 1.12913
4.89289 1.10711
4.91491 1.08509
4.93694 1.06306
4.95896 1.04104
4.98098 1.01902
5.003 0.9997
5.02503 0.997497
5.04705 0.995295
5.06907 0.993093
5.09109 0.990891
5.11311 0.988689
5.13514 0.986486
5.15716 0.984284
5.17918 0.982082
5.2012 0.97988
5.22322 0.977678
5.24525 0.975475
5.26727 0.973273
5.28929 0.971071
5.31131 0.968869
5.33333 0.966667
5.35536 0.964464
5.37738 0.962262
5.3994 0.96006
5.42142 0.957858
5.44344 0.955656
5.46547 0.953453
5.48749 0.951251
5.50951 0.949049
5.53153 0.946847
5.55355 0.944645
5.57558 0.942442
5.5976 0.94024
5.61962 0.938038
5.64164 0.935836
5.66366 0.933634
5.68569 0.931431
5.70771 0.929229
5.72973 0.927027
5.75175 0.924825
5.77377 0.922623
5.7958 0.92042
5.81782 0.918218
5.83984 0.916016
5.86186 0.913814
5.88388 0.911612
5.90591 0.909409
5.92793 0.907207
5.94995 0.905005
5.97197 0.902803
5.99399 0.900601
6.01602 0.898398
6.03804 0.896196
6.06006 0.893994
6.08208 0.891792
6.1041 0.88959
6.12613 0.887387
6.14815 0.885185
6.17017 0.882983
6.19219 0.880781
6.21421 0.878579
6.23624 0.876376
6.25826 0.874174
6.28028 0.871972
6.3023 0.86977
6.32432 0.867568
6.34635 0.865365
6.36837 0.863163
6.39039 0.860961
6.41241 0.858759
6.43443 0.856557
6.45646 0.854354
6.47848 0.852152
6.5005 0.84995
6.52252 0.847748
6.54454 0.845546
6.56657 0.843343
6.58859 0.841141
6.61061 0.838939
6.63263 0.836737
6.65465 0.834535
6.67668 0.832332
6.6987 0.83013
6.72072 0.827928
6.74274 0.825726
6.76476 0.823524
6.78679 0.821321
6.80881 0.819119
6.83083 0.816917
6.85285 0.814715
6.87487 0.812513
6.8969 0.81031
6.91892 0.808108
6.94094 0.805906
6.96296 0.803704
6.98498 0.801502
7.00701 0.799299
7.02903 0.797097
7.05105 0.794895
7.07307 0.792693
7.0951 0.79049
7.11712 0.788288
7.13914 0.786086
7.16116 0.783884
7.18318 0.781682
7.20521 0.779479
7.22723 0.777277
7.24925 0.775075
7.27127 0.772873
7.29329 0.770671
7.31532 0.768468
7.33734 0.766266
7.35936 0.764064
7.38138 0.761862
7.4034 0.75966
7.42543 0.757457
7.44745 0.755255
7.46947 0.753053
7.49149 0.750851
7.51351 0.748649
7.53554 0.746446
7.55756 0.744244
7.57958 0.742042
7.6016 0.73984
7.62362 0.737638
7.64565 0.735435
7.66767 0.733233
7.68969 0.731031
7.71171 0.728829
7.73373 0.726627
7.75576 0.724424
7.77778 0.722222
7.7998 0.72002
7.82182 0.717818
7.84384 0.715616
7.86587 0.713413
7.88789 0.711211
7.90991 0.709009
7.93193 0.706807
7.95395 0.704605
7.97598 0.702402
7.998 0.7002
8.02002 0.697998
8.04204 0.695796
8.06406 0.693594
8.08609 0.691391
8.10811 0.689189
8.13013 0.686987
8.15215 0.684785
8.17417 0.682583
8.1962 0.68038
8.21822 0.678178
8.24024 0.675976
8.26226 0.673774
8.28428 0.671572
8.30631 0.669369
8.32833 0.667167
8.35035 0.664965
8.37237 0.662763
8.39439 0.660561
8.41642 0.658358
8.43844 0.656156
8.46046 0.653954
8.48248 0.651752
8.5045 0.64955
8.52653 0.647347
8.54855 0.645145
8.57057 0.642943
8.59259 0.640741
8.61461 0.638539
8.63664 0.636336
8.65866 0.634134
8.68068 0.631932
8.7027 0.62973
8.72472 0.627528
8.74675 0.625325
8.76877 0.623123
8.79079 0.620921
8.81281 0.618719
8.83483 0.616517
8.85686 0.614314
8.87888 0.612112
8.9009 0.60991
8.92292 0.607708
8.94494 0.605506
8.96697 0.603303
8.98899 0.601101
9.01101 0.598899
9.03303 0.596697
9.05506 0.594494
9.07708 0.592292
9.0991 0.59009
9.12112 0.587888
9.14314 0.585686
9.16517 0.583483
9.18719 0.581281
9.20921 0.579079
9.23123 0.576877
9.25325 0.574675
9.27528 0.572472
9.2973 0.57027
9.31932 0.568068
9.34134 0.565866
9.36336 0.563664
9.38539 0.561461
9.40741 0.559259
9.42943 0.557057
9.45145 0.554855
9.47347 0.552653
9.4955 0.55045
9.51752 0.548248
9.53954 0.546046
9.56156 0.543844
9.58358 0.541642
9.60561 0.539439
9.62763 0.537237
9.64965 0.535035
9.67167 0.532833
9.69369 0.530631
9.71572 0.528428
9.73774 0.526226
9.75976 0.524024
9.78178 0.521822
9.8038 0.51962
9.82583 0.517417
9.84785 0.515215
9.86987 0.513013
9.89189 0.510811
9.91391 0.508609
9.93594 0.506406
9.95796 0.504204
9.97998 0.502002
10.002 0.500501
10.024 0.506006
10.046 0.511512
10.0681 0.517017
10.0901 0.522523
10.1121 0.528028
10.1341 0.533534
10.1562 0.539039
10.1782 0.544545
10.2002 0.55005
10.2222 0.555556
10.2442 0.561061
10.2663 0.566567
10.2883 0.572072
10.3103 0.577578
10.3323 0.583083
10.3544 0.588589
10.3764 0.594094
10.3984 0.5996
10.4204 0.605105
10.4424 0.610611
10.4645 0.616116
10.4865 0.621622
10.5085 0.627127
10.5305 0.632633
10.5526 0.638138
10.5746 0.643644
10.5966 0.649149
10.6186 0.654655
10.6406 0.66016
10.6627 0.665666
10.6847 0.671171
10.7067 0.676677
10.7287 0.682182
10.7508 0.687688
10.7728 0.693193
10.7948 0.698699
10.8168 0.704204
10.8388 0.70971
10.8609 0.715215
10.8829 0.720721
10.9049 0.726226
10.9269 0.731732
10.9489 0.737237
10.971 0.742743
10.993 0.748248
11.015 0.753754
11.037 0.759259
11.0591 0.764765
11.0811 0.77027
11.1031 0.775776
11.1251 0.781281
11.1471 0.786787
11.1692 0.792292
11.1912 0.797798
11.2132 0.803303
11.2352 0.808809
11.2573 0.814314
11.2793 0.81982
11.3013 0.825325
11.3233 0.830831
11.3453 0.836336
11.3674 0.841842
11.3894 0.847347
11.4114 0.852853
11.4334 0.858358
11.4555 0.863864
11.4775 0.869369
11.4995 0.874875
11.5215 0.88038
11.5435 0.885886
11.5656 0.891391
11.5876 0.896897
11.6096 0.902402
11.6316 0.907908
11.6537 0.913413
11.6757 0.918919
11.6977 0.924424
11.7197 0.92993
11.7417 0.935435
11.7638 0.940941
11.7858 0.946446
11.8078 0.951952
11.8298 0.957457
11.8519 0.962963
11.8739 0.968468
11.8959 0.973974
11.9179 0.979479
11.9399 0.984985
11.962 0.99049
11.984 0.995996
12.006 1.0015
12.028 1.00701
12.0501 1.01251
12.0721 1.01802
12.0941 1.02352
12.1161 1.02903
12.1381 1.03453
12.1602 1.04004
12.1822 1.04555
12.2042 1.05105
12.2262 1.05656
12.2482 1.06206
12.2703 1.06757
12.2923 1.07307
12.3143 1.07858
12.3363 1.08408
12.3584 1.08959
12.3804 1.0951
12.4024 1.1006
12.4244 1.10611
12.4464 1.11161
12.4685 1.11712
12.4905 1.12262
12.5125 1.12813
12.5345 1.13363
12.5566 1.13914
12.5786 1.14464
12.6006 1.15015
12.6226 1.15566
12.6446 1.16116
12.6667 1.16667
12.6887 1.17217
12.7107 1.17768
12.7327 1.18318
12.7548 1.18869
12.7768 1.19419
12.7988 1.1997
12.8208 1.20521
12.8428 1.21071
12.8649 1.21622
12.8869 1.22172
12.9089 1.22723
12.9309 1.23273
12.953 1.23824
12.975 1.24374
12.997 1.24925
13.019 1.25475
13.041 1.26026
13.0631 1.26577
13.0851 1.27127
13.1071 1.27678
13.1291 1.28228
13.1512 1.28779
13.1732 1.29329
13.1952 1.2988
13.2172 1.3043
13.2392 1.30981
13.2613 1.31532
13.2833 1.32082
13.3053 1.32633
13.3273 1.33183
13.3493 1.33734
13.3714 1.34284
13.3934 1.34835
13.4154 1.35385
13.4374 1.35936
13.4595 1.36486
13.4815 1.37037
13.5035 1.37588
13.5255 1.38138
13.5475 1.38689
13.5696 1.39239
13.5916 1.3979
13.6136 1.4034
13.6356 1.40891
13.6577 1.41441
13.6797 1.41992
13.7017 1.42543
13.7237 1.43093
13.7457 1.43644
13.7678 1.44194
13.7898 1.44745
13.8118 1.45295
13.8338 1.45846
13.8559 1.46396
13.8779 1.46947
13.8999 1.47497
13.9219 1.48048
13.9439 1.48599
13.966 1.49149
13.988 1.497
14.01 1.5025
14.032 1.50801
14.0541 1.51351
14.0761 1.51902
14.0981 1.52452
14.1201 1.53003
14.1421 1.53554
14.1642 1.54104
14.1862 1.54655
14.2082 1.55205
14.2302 1.55756
14.2523 1.56306
14.2743 1.56857
14.2963 1.57407
14.3183 1.57958
14.3403 1.58509
14.3624 1.59059
14.3844 1.5961
14.4064 1.6016
14.4284 1.60711
14.4505 1.61261
14.4725 1.61812
14.4945 1.62362
14.5165 1.62913
14.5385 1.63463
14.5606 1.64014
14.5826 1.64565
14.6046 1.65115
14.6266 1.65666
14.6486 1.66216
14.6707 1.66767
14.6927 1.67317
14.7147 1.67868
14.7367 1.68418
14.7588 1.68969
14.7808 1.6952
14.8028 1.7007
14.8248 1.70621
14.8468 1.71171
14.8689 1.71722
14.8909 1.72272
14.9129 1.72823
14.9349 1.73373
14.957 1.73924
14.979 1.74474
15.001 1.75025
15.023 1.75576
15.045 1.76126
15.0671 1.76677
15.0891 1.77227
15.1111 1.77778
15.1331 1.78328
15.1552 1.78879
15.1772 1.79429
15.1992 1.7998
15.2212 1.80531
15.2432 1.81081
15.2653 1.81632
15.2873 1.82182
15.3093 1.82733
15.3313 1.83283
15.3534 1.83834
15.3754 1.84384
15.3974 1.84935
15.4194 1.85485
15.4414 1.86036
15.4635 1.86587
15.4855 1.87137
15.5075 1.87688
15.5295 1.88238
15.5516 1.88789
15.5736 1.89339
15.5956 1.8989
15.6176 1.9044
15.6396 1.90991
15.6617 1.91542
15.6837 1.92092
15.7057 1.92643
15.7277 1.93193
15.7497 1.93744
15.7718 1.94294
15.7938 1.94845
15.8158 1.95395
15.8378 1.95946
15.8599 1.96496
15.8819 1.97047
15.9039 1.97598
15.9259 1.98148
15.9479 1.98699
15.97 1.99249
15.992 1.998
16.014 1.9965
16.036 1.99099
16.0581 1.98549
16.0801 1.97998
16.1021 1.97447
16.1241 1.96897
16.1461 1.96346
16.1682 1.95796
16.1902 1.95245
16.2122 1.94695
16.2342 1.94144
16.2563 1.93594
16.2783 1.93043
16.3003 1.92492
16.3223 1.91942
16.3443 1.91391
16.3664 1.90841
16.3884 1.9029
16.4104 1.8974
16.4324 1.89189
16.4545 1.88639
16.4765 1.88088
16.4985 1.87538
16.5205 1.86987
16.5425 1.86436
16.5646 1.85886
16.5866 1.85335
16.6086 1.84785
16.6306 1.84234
16.6527 1.83684
16.6747 1.83133
16.6967 1.82583
16.7187 1.82032
16.7407 1.81481
16.7628 1.80931
16.7848 1.8038
16.8068 1.7983
16.8288 1.79279
16.8509 1.78729
16.8729 1.78178
16.8949 1.77628
16.9169 1.77077
16.9389 1.76527
16.961 1.75976
16.983 1.75425
17.005 1.74875
17.027 1.74324
17.049 1.73774
17.0711 1.73223
17.0931 1.72673
17.1151 1.72122
17.1371 1.71572
17.1592 1.71021
17.1812 1.7047
17.2032 1.6992
17.2252 1.69369
17.2472 1.68819
17.2693 1.68268
17.2913 1.67718
17.3133 1.67167
17.3353 1.66617
17.3574 1.66066
17.3794 1.65516
17.4014 1.64965
17.4234 1.64414
17.4454 1.63864
17.4675 1.63313
17.4895 1.62763
17.5115 1.62212
17.5335 1.61662
17.5556 1.61111
17.5776 1.60561
17.5996 1.6001
17.6216 1.59459
17.6436 1.58909
17.6657 1.58358
17.6877 1.57808
17.7097 1.57257
17.7317 1.56707
17.7538 1.56156
17.7758 1.55606
17.7978 1.55055
17.8198 1.54505
17.8418 1.53954
17.8639 1.53403
17.8859 1.52853
17.9079 1.52302
17.9299 1.51752
17.952 1.51201
17.974 1.50651
17.996 1.501
18.018 1.4955
18.04 1.48999
18.0621 1.48448
18.0841 1.47898
18.1061 1.47347
18.1281 1.46797
18.1502 1.46246
18.1722 1.45696
18.1942 1.45145
18.2162 1.44595
18.2382 1.44044
18.2603 1.43493
18.2823 1.42943
18.3043 1.42392
18.3263 1.41842
18.3483 1.41291
18.3704 1.40741
18.3924 1.4019
18.4144 1.3964
18.4364 1.39089
18.4585 1.38539
18.4805 1.37988
18.5025 1.37437
18.5245 1.36887
18.5465 1.36336
18.5686 1.35786
18.5906 1.35235
18.6126 1.34685
18.6346 1.34134
18.6567 1.33584
18.6787 1.33033
18.7007 1.32482
18.7227 1.31932
18.7447 1.31381
18.7668 1.30831
18.7888 1.3028
18.8108 1.2973
18.8328 1.29179
18.8549 1.28629
18.8769 1.28078
18.8989 1.27528
18.9209 1.26977
18.9429 1.26426
18.965 1.25876
18.987 1.25325
19.009 1.24775
19.031 1.24224
19.0531 1.23674
19.0751 1.23123
19.0971 1.22573
19.1191 1.22022
19.1411 1.21471
19.1632 1.20921
19.1852 1.2037
19.2072 1.1982
19.2292 1.19269
19.2513 1.18719
19.2733 1.18168
19.2953 1.17618
19.3173 1.17067
19.3393 1.16517
19.3614 1.15966
19.3834 1.15415
19.4054 1.14865
19.4274 1.14314
19.4494 1.13764
19.4715 1.13213
19.4935 1.12663
19.5155 1.12112
19.5375 1.11562
19.5596 1.11011
19.5816 1.1046
19.6036 1.0991
19.6256 1.09359
19.6476 1.08809
19.6697 1.08258
19.6917 1.07708
19.7137 1.07157
19.7357 1.06607
19.7578 1.06056
19.7798 1.05506
19.8018 1.04955
19.8238 1.04404
19.8458 1.03854
19.8679 1.03303
19.8899 1.02753
19.9119 1.02202
19.9339 1.01652
19.956 1.01101
19.978 1.00551
20 1
