-2 0
-1.97798 -0.0641624
-1.95596 -0.128193
-1.93393 -0.19196
-1.91191 -0.255331
-1.88989 -0.318174
-1.86787 -0.380358
-1.84585 -0.441751
-1.82382 -0.502221
-1.8018 -0.561635
-1.77978 -0.619862
-1.75776 -0.676771
-1.73574 -0.732228
-1.71371 -0.786103
-1.69169 -0.838264
-1.66967 -0.888578
-1.64765 -0.936913
-1.62563 -0.983138
-1.6036 -1.02712
-1.58158 -1.06873
-1.55956 -1.10783
-1.53754 -1.1443
-1.51552 -1.17799
-1.49349 -1.20879
-1.47147 -1.23661
-1.44945 -1.26149
-1.42743 -1.28346
-1.40541 -1.30258
-1.38338 -1.31886
-1.36136 -1.33237
-1.33934 -1.34312
-1.31732 -1.35118
-1.2953 -1.35656
-1.27327 -1.35932
-1.25125 -1.3595
-1.22923 -1.35713
-1.20721 -1.35225
-1.18519 -1.3449
-1.16316 -1.33513
-1.14114 -1.32296
-1.11912 -1.30845
-1.0971 -1.29164
-1.07508 -1.27255
-1.05305 -1.25123
-1.03103 -1.22772
-1.00901 -1.20206
-0.986987 -1.1743
-0.964965 -1.14446
-0.942943 -1.11259
-0.920921 -1.07873
-0.898899 -1.04291
-0.876877 -1.00519
-0.854855 -0.965589
-0.832833 -0.924158
-0.810811 -0.880934
-0.788789 -0.835956
-0.766767 -0.789264
-0.744745 -0.740898
-0.722723 -0.690898
-0.700701 -0.639302
-0.678679 -0.586151
-0.656657 -0.531484
-0.634635 -0.475341
-0.612613 -0.417762
-0.590591 -0.358786
-0.568569 -0.298454
-0.546547 -0.236803
-0.524525 -0.173875
-0.502503 -0.109709
-0.48048 -0.0443444
-0.458458 0.022179
-0.436436 0.0898216
-0.414414 0.158544
-0.392392 0.228306
-0.37037 0.299068
-0.348348 0.37079
-0.326326 0.443434
-0.304304 0.516959
-0.282282 0.591325
-0.26026 0.666494
-0.238238 0.742424
-0.216216 0.819078
-0.194194 0.896414
-0.172172 0.974393
-0.15015 1.05298
-0.128128 1.13212
-0.106106 1.2118
-0.0840841 1.29195
-0.0620621 1.37255
-0.04004 1.45356
-0.018018 1.53493
0.004004 1.61663
0.026026 1.69862
0.048048 1.78085
0.0700701 1.86329
0.0920921 1.94589
0.114114 2.02863
0.136136 2.11145
0.158158 2.19432
0.18018 2.2772
0.202202 2.36005
0.224224 2.44283
0.246246 2.5255
0.268268 2.60802
0.29029 2.69035
0.312312 2.77245
0.334334 2.85428
0.356356 2.93581
0.378378 3.01698
0.4004 3.09777
0.422422 3.17813
0.444444 3.25802
0.466466 3.33741
0.488488 3.41625
0.510511 3.49451
0.532533 3.57214
0.554555 3.6491
0.576577 3.72536
0.598599 3.80088
0.620621 3.87561
0.642643 3.94951
0.664665 4.02256
0.686687 4.0947
0.708709 4.1659
0.730731 4.23611
0.752753 4.3053
0.774775 4.37344
0.796797 4.44047
0.818819 4.50635
0.840841 4.57106
0.862863 4.63455
0.884885 4.69678
0.906907 4.75771
0.928929 4.8173
0.950951 4.87551
0.972973 4.9323
0.994995 4.98763
1.01702 5.04147
1.03904 5.09381
1.06106 5.14467
1.08308 5.19404
1.10511 5.24196
1.12713 5.28841
1.14915 5.33343
1.17117 5.37701
1.19319 5.41917
1.21522 5.45992
1.23724 5.49927
1.25926 5.53723
1.28128 5.57382
1.3033 5.60904
1.32533 5.6429
1.34735 5.67543
1.36937 5.70661
1.39139 5.73648
1.41341 5.76503
1.43544 5.79229
1.45746 5.81825
1.47948 5.84294
1.5015 5.86636
1.52352 5.88852
1.54555 5.90944
1.56757 5.92912
1.58959 5.94759
1.61161 5.96484
1.63363 5.98089
1.65566 5.99574
1.67768 6.00943
1.6997 6.02194
1.72172 6.03329
1.74374 6.0435
1.76577 6.05258
1.78779 6.06053
1.80981 6.06737
1.83183 6.0731
1.85385 6.07775
1.87588 6.08132
1.8979 6.08381
1.91992 6.08525
1.94194 6.08565
1.96396 6.085
1.98599 6.08334
2.00801 6.08066
2.03003 6.07697
2.05205 6.0723
2.07407 6.06664
2.0961 6.06002
2.11812 6.05243
2.14014 6.0439
2.16216 6.03444
2.18418 6.02404
2.20621 6.01274
2.22823 6.00052
2.25025 5.98742
2.27227 5.97344
2.29429 5.95858
2.31632 5.94287
2.33834 5.9263
2.36036 5.9089
2.38238 5.89068
2.4044 5.87164
2.42643 5.85179
2.44845 5.83115
2.47047 5.80973
2.49249 5.78754
2.51451 5.76458
2.53654 5.74088
2.55856 5.71644
2.58058 5.69128
2.6026 5.66539
2.62462 5.6388
2.64665 5.61152
2.66867 5.58355
2.69069 5.55492
2.71271 5.52562
2.73473 5.49567
2.75676 5.46508
2.77878 5.43387
2.8008 5.40203
2.82282 5.36959
2.84484 5.33656
2.86687 5.30294
2.88889 5.26875
2.91091 5.234
2.93293 5.1987
2.95495 5.16285
2.97698 5.12648
2.999 5.08959
3.02102 5.0522
3.04304 5.0143
3.06507 4.97593
3.08709 4.93708
3.10911 4.89776
3.13113 4.858
3.15315 4.81779
3.17518 4.77716
3.1972 4.7361
3.21922 4.69464
3.24124 4.65278
3.26326 4.61054
3.28529 4.56792
3.30731 4.52494
3.32933 4.4816
3.35135 4.43793
3.37337 4.39392
3.3954 4.3496
3.41742 4.30496
3.43944 4.26003
3.46146 4.21481
3.48348 4.16932
3.50551 4.12356
3.52753 4.07755
3.54955 4.03129
3.57157 3.98481
3.59359 3.9381
3.61562 3.89119
3.63764 3.84407
3.65966 3.79677
3.68168 3.7493
3.7037 3.70166
3.72573 3.65386
3.74775 3.60592
3.76977 3.55785
3.79179 3.50966
3.81381 3.46135
3.83584 3.41295
3.85786 3.36446
3.87988 3.31589
3.9019 3.26726
3.92392 3.21857
3.94595 3.16984
3.96797 3.12108
3.98999 3.07229
4.01201 3.02349
4.03403 2.97469
4.05606 2.9259
4.07808 2.87714
4.1001 2.82841
4.12212 2.77972
4.14414 2.73109
4.16617 2.68252
4.18819 2.63403
4.21021 2.58563
4.23223 2.53733
4.25425 2.48914
4.27628 2.44107
4.2983 2.39313
4.32032 2.34533
4.34234 2.29769
4.36436 2.25022
4.38639 2.20292
4.40841 2.15581
4.43043 2.10889
4.45245 2.06219
4.47447 2.0157
4.4965 1.96945
4.51852 1.92344
4.54054 1.87769
4.56256 1.83219
4.58458 1.78698
4.60661 1.74205
4.62863 1.69742
4.65065 1.65309
4.67267 1.60909
4.69469 1.56541
4.71672 1.52208
4.73874 1.4791
4.76076 1.43649
4.78278 1.39424
4.8048 1.35239
4.82683 1.31093
4.84885 1.26988
4.87087 1.22925
4.89289 1.18904
4.91491 1.14928
4.93694 1.10997
4.95896 1.07112
4.98098 1.03275
5.003 0.994862
5.02503 0.957466
5.04705 0.920562
5.06907 0.884146
5.09109 0.848218
5.11311 0.812774
5.13514 0.777812
5.15716 0.743329
5.17918 0.709324
5.2012 0.675793
5.22322 0.642735
5.24525 0.610148
5.26727 0.578027
5.28929 0.546372
5.31131 0.51518
5.33333 0.484448
5.35536 0.454174
5.37738 0.424356
5.3994 0.394991
5.42142 0.366077
5.44344 0.337611
5.46547 0.309592
5.48749 0.282016
5.50951 0.254881
5.53153 0.228185
5.55355 0.201925
5.57558 0.1761
5.5976 0.150706
5.61962 0.125742
5.64164 0.101204
5.66366 0.0770906
5.68569 0.0533993
5.70771 0.0301278
5.72973 0.00727342
5.75175 -0.0151661
5.77377 -0.0371931
5.7958 -0.0588101
5.81782 -0.0800194
5.83984 -0.100824
5.86186 -0.121225
5.88388 -0.141226
5.90591 -0.160828
5.92793 -0.180035
5.94995 -0.198849
5.97197 -0.217272
5.99399 -0.235307
6.01602 -0.252955
6.03804 -0.27022
6.06006 -0.287103
6.08208 -0.303608
6.1041 -0.319736
6.12613 -0.33549
6.14815 -0.350873
6.17017 -0.365886
6.19219 -0.380532
6.21421 -0.394814
6.23624 -0.408734
6.25826 -0.422294
6.28028 -0.435496
6.3023 -0.448344
6.32432 -0.46084
6.34635 -0.472985
6.36837 -0.484783
6.39039 -0.496235
6.41241 -0.507345
6.43443 -0.518114
6.45646 -0.528545
6.47848 -0.53864
6.5005 -0.548402
6.52252 -0.557833
6.54454 -0.566936
6.56657 -0.575713
6.58859 -0.584166
6.61061 -0.592297
6.63263 -0.60011
6.65465 -0.607606
6.67668 -0.614788
6.6987 -0.621659
6.72072 -0.62822
6.74274 -0.634474
6.76476 -0.640424
6.78679 -0.646071
6.80881 -0.651419
6.83083 -0.65647
6.85285 -0.661226
6.87487 -0.665689
6.8969 -0.669862
6.91892 -0.673748
6.94094 -0.677348
6.96296 -0.680665
6.98498 -0.683702
7.00701 -0.68646
7.02903 -0.688943
7.05105 -0.691153
7.07307 -0.693091
7.0951 -0.694762
7.11712 -0.696166
7.13914 -0.697306
7.16116 -0.698185
7.18318 -0.698805
7.20521 -0.699169
7.22723 -0.699278
7.24925 -0.699136
7.27127 -0.698745
7.29329 -0.698106
7.31532 -0.697223
7.33734 -0.696098
7.35936 -0.694733
7.38138 -0.693131
7.4034 -0.691294
7.42543 -0.689225
7.44745 -0.686925
7.46947 -0.684397
7.49149 -0.681645
7.51351 -0.678669
7.53554 -0.675473
7.55756 -0.672058
7.57958 -0.668428
7.6016 -0.664585
7.62362 -0.66053
7.64565 -0.656268
7.66767 -0.651799
7.68969 -0.647126
7.71171 -0.642252
7.73373 -0.637179
7.75576 -0.631909
7.77778 -0.626445
7.7998 -0.62079
7.82182 -0.614945
7.84384 -0.608913
7.86587 -0.602697
7.88789 -0.596298
7.90991 -0.58972
7.93193 -0.582965
7.95395 -0.576034
7.97598 -0.568931
7.998 -0.561658
8.02002 -0.554217
8.04204 -0.546611
8.06406 -0.538841
8.08609 -0.530911
8.10811 -0.522823
8.13013 -0.51458
8.15215 -0.506183
8.17417 -0.497634
8.1962 -0.488938
8.21822 -0.480095
8.24024 -0.471109
8.26226 -0.461981
8.28428 -0.452714
8.30631 -0.44331
8.32833 -0.433773
8.35035 -0.424103
8.37237 -0.414305
8.39439 -0.404379
8.41642 -0.394329
8.43844 -0.384156
8.46046 -0.373864
8.48248 -0.363454
8.5045 -0.35293
8.52653 -0.342292
8.54855 -0.331545
8.57057 -0.32069
8.59259 -0.309729
8.61461 -0.298666
8.63664 -0.287502
8.65866 -0.27624
8.68068 -0.264882
8.7027 -0.25343
8.72472 -0.241888
8.74675 -0.230257
8.76877 -0.21854
8.79079 -0.206739
8.81281 -0.194856
8.83483 -0.182895
8.85686 -0.170857
8.87888 -0.158745
8.9009 -0.146561
8.92292 -0.134308
8.94494 -0.121987
8.96697 -0.109603
8.98899 -0.0971554
9.01101 -0.0846485
9.03303 -0.0720842
9.05506 -0.0594649
9.07708 -0.046793
9.0991 -0.0340709
9.12112 -0.021301
9.14314 -0.0084857
9.16517 0.00437262
9.18719 0.0172715
9.20921 0.0302087
9.23123 0.0431816
9.25325 0.056188
9.27528 0.0692253
9.2973 0.0822913
9.31932 0.0953835
9.34134 0.108499
9.36336 0.121637
9.38539 0.134793
9.40741 0.147966
9.42943 0.161154
9.45145 0.174353
9.47347 0.187561
9.4955 0.200777
9.51752 0.213997
9.53954 0.227219
9.56156 0.240441
9.58358 0.253661
9.60561 0.266876
9.62763 0.280083
9.64965 0.29328
9.67167 0.306466
9.69369 0.319637
9.71572 0.33279
9.73774 0.345925
9.75976 0.359037
9.78178 0.372126
9.8038 0.385188
9.82583 0.398221
9.84785 0.411222
9.86987 0.42419
9.89189 0.437122
9.91391 0.450015
9.93594 0.462867
9.95796 0.475676
9.97998 0.488439
10.002 0.501154
10.024 0.513819
10.046 0.526433
10.0681 0.538997
10.0901 0.551511
10.1121 0.563974
10.1341 0.576387
10.1562 0.588749
10.1782 0.601061
10.2002 0.613322
10.2222 0.625533
10.2442 0.637692
10.2663 0.649802
10.2883 0.661861
10.3103 0.673868
10.3323 0.685826
10.3544 0.697732
10.3764 0.709588
10.3984 0.721393
10.4204 0.733147
10.4424 0.74485
10.4645 0.756503
10.4865 0.768104
10.5085 0.779655
10.5305 0.791155
10.5526 0.802603
10.5746 0.814001
10.5966 0.825347
10.6186 0.836643
10.6406 0.847887
10.6627 0.859081
10.6847 0.870223
10.7067 0.881314
10.7287 0.892354
10.7508 0.903342
10.7728 0.91428
10.7948 0.925166
10.8168 0.936001
10.8388 0.946784
10.8609 0.957516
10.8829 0.968197
10.9049 0.978826
10.9269 0.989404
10.9489 0.99993
10.971 1.01041
10.993 1.02083
11.015 1.0312
11.037 1.04152
11.0591 1.05179
11.0811 1.06201
11.1031 1.07217
11.1251 1.08229
11.1471 1.09235
11.1692 1.10236
11.1912 1.11232
11.2132 1.12222
11.2352 1.13208
11.2573 1.14188
11.2793 1.15163
11.3013 1.16133
11.3233 1.17098
11.3453 1.18057
11.3674 1.19012
11.3894 1.19961
11.4114 1.20905
11.4334 1.21844
11.4555 1.22777
11.4775 1.23705
11.4995 1.24628
11.5215 1.25546
11.5435 1.26459
11.5656 1.27366
11.5876 1.28269
11.6096 1.29166
11.6316 1.30057
11.6537 1.30944
11.6757 1.31825
11.6977 1.32701
11.7197 1.33572
11.7417 1.34438
11.7638 1.35298
11.7858 1.36153
11.8078 1.37003
11.8298 1.37848
11.8519 1.38687
11.8739 1.39521
11.8959 1.4035
11.9179 1.41173
11.9399 1.41991
11.962 1.42804
11.984 1.43612
12.006 1.44415
12.028 1.45212
12.0501 1.46004
12.0721 1.4679
12.0941 1.47572
12.1161 1.48348
12.1381 1.49118
12.1602 1.49884
12.1822 1.50644
12.2042 1.51399
12.2262 1.52148
12.2482 1.52893
12.2703 1.53632
12.2923 1.54365
12.3143 1.55093
12.3363 1.55816
12.3584 1.56534
12.3804 1.57247
12.4024 1.57954
12.4244 1.58655
12.4464 1.59352
12.4685 1.60043
12.4905 1.60728
12.5125 1.61409
12.5345 1.62084
12.5566 1.62753
12.5786 1.63418
12.6006 1.64077
12.6226 1.6473
12.6446 1.65379
12.6667 1.66022
12.6887 1.66659
12.7107 1.67292
12.7327 1.67918
12.7548 1.6854
12.7768 1.69156
12.7988 1.69767
12.8208 1.70372
12.8428 1.70972
12.8649 1.71567
12.8869 1.72156
12.9089 1.7274
12.9309 1.73318
12.953 1.73891
12.975 1.74459
12.997 1.75021
13.019 1.75578
13.041 1.7613
13.0631 1.76676
13.0851 1.77216
13.1071 1.77752
13.1291 1.78282
13.1512 1.78806
13.1732 1.79325
13.1952 1.79839
13.2172 1.80347
13.2392 1.80849
13.2613 1.81347
13.2833 1.81839
13.3053 1.82325
13.3273 1.82806
13.3493 1.83282
13.3714 1.83752
13.3934 1.84217
13.4154 1.84676
13.4374 1.8513
13.4595 1.85578
13.4815 1.86021
13.5035 1.86458
13.5255 1.8689
13.5475 1.87317
13.5696 1.87738
13.5916 1.88153
13.6136 1.88563
13.6356 1.88968
13.6577 1.89367
13.6797 1.89761
13.7017 1.90149
13.7237 1.90532
13.7457 1.90909
13.7678 1.91281
13.7898 1.91647
13.8118 1.92008
13.8338 1.92363
13.8559 1.92713
13.8779 1.93057
13.8999 1.93396
13.9219 1.93729
13.9439 1.94057
13.966 1.94379
13.988 1.94696
14.01 1.95007
14.032 1.95312
14.0541 1.95613
14.0761 1.95907
14.0981 1.96196
14.1201 1.9648
14.1421 1.96758
14.1642 1.9703
14.1862 1.97297
14.2082 1.97558
14.2302 1.97814
14.2523 1.98065
14.2743 1.98309
14.2963 1.98548
14.3183 1.98782
14.3403 1.9901
14.3624 1.99233
14.3844 1.99449
14.4064 1.99661
14.4284 1.99867
14.4505 2.00067
14.4725 2.00261
14.4945 2.00451
14.5165 2.00634
14.5385 2.00812
14.5606 2.00984
14.5826 2.01151
14.6046 2.01312
14.6266 2.01468
14.6486 2.01618
14.6707 2.01762
14.6927 2.01901
14.7147 2.02034
14.7367 2.02161
14.7588 2.02283
14.7808 2.02399
14.8028 2.0251
14.8248 2.02615
14.8468 2.02715
14.8689 2.02808
14.8909 2.02897
14.9129 2.02979
14.9349 2.03056
14.957 2.03127
14.979 2.03193
15.001 2.03253
15.023 2.03308
15.045 2.03356
15.0671 2.03399
15.0891 2.03437
15.1111 2.03469
15.1331 2.03495
15.1552 2.03515
15.1772 2.0353
15.1992 2.03539
15.2212 2.03543
15.2432 2.0354
15.2653 2.03532
15.2873 2.03519
15.3093 2.035
15.3313 2.03475
15.3534 2.03444
15.3754 2.03408
15.3974 2.03366
15.4194 2.03318
15.4414 2.03265
15.4635 2.03206
15.4855 2.03141
15.5075 2.03071
15.5295 2.02995
15.5516 2.02913
15.5736 2.02825
15.5956 2.02732
15.6176 2.02633
15.6396 2.02528
15.6617 2.02418
15.6837 2.02302
15.7057 2.0218
15.7277 2.02052
15.7497 2.01919
15.7718 2.0178
15.7938 2.01635
15.8158 2.01484
15.8378 2.01328
15.8599 2.01166
15.8819 2.00998
15.9039 2.00825
15.9259 2.00645
15.9479 2.0046
15.97 2.00269
15.992 2.00073
16.014 1.99871
16.036 1.99663
16.0581 1.99449
16.0801 1.99229
16.1021 1.99004
16.1241 1.98773
16.1461 1.98537
16.1682 1.98295
16.1902 1.98048
16.2122 1.97795
16.2342 1.97537
16.2563 1.97273
16.2783 1.97004
16.3003 1.96729
16.3223 1.96449
16.3443 1.96164
16.3664 1.95874
16.3884 1.95578
16.4104 1.95277
16.4324 1.94971
16.4545 1.9466
16.4765 1.94344
16.4985 1.94022
16.5205 1.93696
16.5425 1.93365
16.5646 1.93028
16.5866 1.92687
16.6086 1.9234
16.6306 1.91989
16.6527 1.91633
16.6747 1.91272
16.6967 1.90907
16.7187 1.90536
16.7407 1.90161
16.7628 1.89781
16.7848 1.89397
16.8068 1.89008
16.8288 1.88614
16.8509 1.88216
16.8729 1.87813
16.8949 1.87406
16.9169 1.86994
16.9389 1.86578
16.961 1.86157
16.983 1.85732
17.005 1.85302
17.027 1.84869
17.049 1.84431
17.0711 1.83988
17.0931 1.83542
17.1151 1.83091
17.1371 1.82637
17.1592 1.82178
17.1812 1.81715
17.2032 1.81247
17.2252 1.80776
17.2472 1.80301
17.2693 1.79822
17.2913 1.79339
17.3133 1.78852
17.3353 1.78361
17.3574 1.77867
17.3794 1.77368
17.4014 1.76866
17.4234 1.7636
17.4454 1.7585
17.4675 1.75337
17.4895 1.7482
17.5115 1.74299
17.5335 1.73775
17.5556 1.73247
17.5776 1.72716
17.5996 1.72181
17.6216 1.71643
17.6436 1.71101
17.6657 1.70556
17.6877 1.70008
17.7097 1.69456
17.7317 1.68901
17.7538 1.68343
17.7758 1.67781
17.7978 1.67216
17.8198 1.66648
17.8418 1.66077
17.8639 1.65503
17.8859 1.64926
17.9079 1.64345
17.9299 1.63762
17.952 1.63176
17.974 1.62586
17.996 1.61994
18.018 1.61399
18.04 1.60801
18.0621 1.602
18.0841 1.59597
18.1061 1.5899
18.1281 1.58381
18.1502 1.5777
18.1722 1.57155
18.1942 1.56538
18.2162 1.55919
18.2382 1.55296
18.2603 1.54672
18.2823 1.54044
18.3043 1.53415
18.3263 1.52782
18.3483 1.52148
18.3704 1.51511
18.3924 1.50871
18.4144 1.5023
18.4364 1.49586
18.4585 1.4894
18.4805 1.48291
18.5025 1.47641
18.5245 1.46988
18.5465 1.46333
18.5686 1.45676
18.5906 1.45017
18.6126 1.44356
18.6346 1.43693
18.6567 1.43028
18.6787 1.42361
18.7007 1.41692
18.7227 1.41021
18.7447 1.40349
18.7668 1.39674
18.7888 1.38998
18.8108 1.3832
18.8328 1.3764
18.8549 1.36959
18.8769 1.36276
18.8989 1.35592
18.9209 1.34905
18.9429 1.34218
18.965 1.33528
18.987 1.32838
19.009 1.32146
19.031 1.31452
19.0531 1.30757
19.0751 1.3006
19.0971 1.29363
19.1191 1.28664
19.1411 1.27963
19.1632 1.27262
19.1852 1.26559
19.2072 1.25855
19.2292 1.2515
19.2513 1.24444
19.2733 1.23737
19.2953 1.23028
19.3173 1.22319
19.3393 1.21609
19.3614 1.20898
19.3834 1.20185
19.4054 1.19472
19.4274 1.18758
19.4494 1.18044
19.4715 1.17328
19.4935 1.16612
19.5155 1.15895
19.5375 1.15177
19.5596 1.14459
19.5816 1.1374
19.6036 1.1302
19.6256 1.123
19.6476 1.11579
19.6697 1.10858
19.6917 1.10136
19.7137 1.09414
19.7357 1.08692
19.7578 1.07969
19.7798 1.07245
19.8018 1.06522
19.8238 1.05798
19.8458 1.05074
19.8679 1.04349
19.8899 1.03625
19.9119 1.029
19.9339 1.02175
19.956 1.0145
19.978 1.00725
20 1
